camera:0,0,0,0,-0,-0
camera:0.1,0,0,0,-0,-0
point:-0.435379,-0.900944,2.12768
point:0.663333,-0.923333,2.13333
point:-0.489286,-0.00357143,2.28571
point:-0.436667,0.183333,2.13333
point:0.662868,0.186525,2.13171
